Reading image test.png
Smoothing (sigma=1), Canny (lo=3, hi=6)
finding lines, nBlur=50, mincnt=30
Writing image accum.png
Writing image testout.png
42	 683	 96	 724	 96	 0.000000000
531	 690	 122	 1220	 122	 0.000000000
536	 683	 145	 1218	 145	 0.000000000
28	 257	 327	 284	 329	 0.074074075
1566	 166	 357	 1731	 357	 0.000000000
1573	 159	 373	 1731	 373	 0.000000000
1577	 155	 388	 1731	 388	 0.000000000
1578	 154	 404	 1731	 404	 0.000000000
1577	 155	 421	 1731	 421	 0.000000000
1577	 155	 547	 1731	 547	 0.000000000
1578	 154	 563	 1731	 563	 0.000000000
1578	 154	 578	 1731	 578	 0.000000000
1573	 159	 595	 1731	 595	 0.000000000
1567	 165	 609	 1731	 609	 0.000000000
1078	 211	 782	 1288	 857	 0.069637880
1566	 165	 789	 1730	 789	 0.000000000
1573	 158	 805	 1730	 805	 0.000000000
1576	 155	 819	 1730	 819	 0.000000000
1577	 154	 836	 1730	 836	 0.000000000
1576	 155	 850	 1730	 850	 0.000000000
1576	 155	 979	 1730	 979	 0.000000000
1577	 154	 993	 1730	 993	 0.000000000
1577	 154	 1009	 1730	 1009	 0.000000000
1572	 159	 1026	 1730	 1026	 0.000000000
1566	 165	 1040	 1730	 1040	 0.000000000



STAFFCOUNT = 4





INDEX = 4


 i = 1


staffnum = 1


x=166, y=357



380, 421, 8  
438, 405, 6  
495, 381, 3  
578, 421, 8  
623, 405, 6  
681, 381, 3  
734, 381, 3  
938, 405, 6  
996, 389, 4  
1054, 365, 1  
1157, 405, 6  
1201, 389, 4  
1261, 365, 1  
1314, 365, 1  
1518, 373, 2  
1553, 381, 3  
1591, 373, 2  
1625, 381, 3  
1661, 397, 5  
1699, 405, 6  



INDEX = 9


 i = 2


staffnum = 2


x=155, y=547



318, 587, 5  
377, 555, 1  
436, 587, 5  
494, 555, 1  
576, 587, 5  
650, 555, 1  
734, 587, 5  
793, 555, 1  
877, 571, 3  
937, 539, -1  
995, 571, 3  
1055, 539, -1  
1155, 571, 3  
1232, 539, -1  
1314, 571, 3  
1375, 539, -1  
1459, 579, 4  
1517, 547, 0  
1663, 579, 4  



INDEX = 15


 i = 3


staffnum = 3


x=165, y=789



269, 845, 7  
378, 845, 7  
447, 853, 8  
514, 853, 8  
581, 861, 9  
649, 861, 9  
784, 869, 10  
864, 853, 8  
990, 845, 7  
1069, 845, 7  
1150, 845, 7  
1280, 837, 6  
1380, 813, 3  



INDEX = 20


 i = 4


staffnum = 4


x=155, y=979



269, 987, 1  
513, 995, 2  
783, 1003, 3  
862, 987, 1  
991, 979, 0  
1070, 979, 0  
1151, 979, 0  
1279, 963, -2  
1380, 987, 1  
found 42 lines (maxcnt = 1060)


1566	 166	 357	 1731	 357	 0.00	 1	 1
1573	 159	 373	 1731	 373	 0.00	 1	 2
1577	 155	 388	 1731	 388	 0.00	 1	 3
1578	 154	 404	 1731	 404	 0.00	 1	 4
1577	 155	 421	 1731	 421	 0.00	 1	 5
1577	 155	 547	 1731	 547	 0.00	 2	 1
1578	 154	 563	 1731	 563	 0.00	 2	 2
1578	 154	 578	 1731	 578	 0.00	 2	 3
1573	 159	 595	 1731	 595	 0.00	 2	 4
1567	 165	 609	 1731	 609	 0.00	 2	 5
1566	 165	 789	 1730	 789	 0.00	 3	 1
1573	 158	 805	 1730	 805	 0.00	 3	 2
1576	 155	 819	 1730	 819	 0.00	 3	 3
1577	 154	 836	 1730	 836	 0.00	 3	 4
1576	 155	 850	 1730	 850	 0.00	 3	 5
1576	 155	 979	 1730	 979	 0.00	 4	 1
1577	 154	 993	 1730	 993	 0.00	 4	 2
1577	 154	 1009	 1730	 1009	 0.00	 4	 3
1572	 159	 1026	 1730	 1026	 0.00	 4	 4
1566	 165	 1040	 1730	 1040	 0.00	 4	 5
E G C E G C C G B E G B E E D C D C A G 
A E A E A E A E C G C G C G C G B F B 
F F E E D D C E F F F G C 
E D C E F F F A E 
